0.1544	90	3.32E-10	2.01E-10
0.2056	90	2.54E-09	5.07E-10
0.2266	90	4.01E-09	8.04E-10
0.2535	90	9.66E-09	1.91E-09
0.2648	90	1.30E-08	2.58E-09
0.2819	90	2.71E-08	5.45E-09
0.3043	90	4.01E-08	8.04E-09
0.3141	90	5.12E-08	1.05E-08
0.3226	90	6.90E-08	1.34E-08
0.3338	90	8.45E-08	1.72E-08
0.3451	90	1.12E-07	2.20E-08
0.3549	90	1.49E-07	2.97E-08
0.3648	90	1.88E-07	3.73E-08
0.3733	90	2.64E-07	5.26E-08
0.3846	90	3.86E-07	7.75E-08
0.3945	90	5.12E-07	1.05E-07
0.4043	90	6.45E-07	1.24E-07
0.4143	90	9.86E-07	2.01E-07
0.4242	90	1.38E-06	2.77E-07
0.433	90	2.64E-06	5.26E-07
0.4417	90	4.92E-06	9.57E-07
0.4531	90	7.49E-06	1.53E-06
0.4684	90	9.05E-06	1.82E-06
0.4724	90	7.09E-06	1.44E-06
0.4791	90	5.63E-06	1.15E-06
0.4831	90	4.47E-06	8.90E-07
0.4938	90	2.71E-06	5.45E-07
0.5032	90	1.78E-06	3.54E-07
0.5288	90	7.16E-07	1.44E-07
0.5534	90	4.83E-07	9.57E-08
0.5793	90	2.97E-07	5.93E-08
0.6041	90	2.35E-07	4.69E-08
0.6301	90	1.77E-07	3.54E-08
0.6549	90	1.46E-07	2.97E-08
0.6794	90	8.26E-08	1.63E-08
0.7044	90	1.01E-07	2.01E-08
0.7263	90	7.30E-08	1.44E-08
0.7524	90	6.46E-08	1.24E-08
0.7786	90	5.26E-08	1.05E-08
0.8021	90	5.41E-08	1.05E-08
0.8529	90	3.60E-08	7.18E-09
0.9014	90	4.23E-08	8.42E-09
0.9522	90	2.55E-08	7.65E-09
1.0017	90	1.79E-08	7.18E-09
1.0513	90	1.46E-08	5.84E-09
1.1	90	2.25E-08	4.50E-09
1.1511	90	2.05E-08	4.11E-09
1.1996	90	2.54E-08	5.07E-09
1.2525	90	4.02E-08	8.04E-09
1.3504	90	3.05E-08	9.19E-09
1.4008	90	7.07E-08	1.44E-08
1.4502	90	4.28E-08	1.24E-08
1.5006	90	1.03E-07	2.11E-08
1.5243	90	1.39E-07	2.77E-08
1.5492	90	1.52E-07	3.06E-08
1.5743	90	1.92E-07	3.83E-08
1.5968	90	3.78E-07	7.56E-08
1.6233	90	5.30E-07	1.05E-07
1.6473	90	1.03E-06	2.11E-07
1.66	90	1.39E-06	2.77E-07
1.6741	90	2.08E-06	4.11E-07
1.6797	90	2.45E-06	4.88E-07
1.691	90	3.67E-06	7.37E-07
1.6994	90	4.04E-06	8.04E-07
1.7092	90	4.44E-06	8.90E-07
1.7241	90	3.25E-06	6.51E-07
1.7295	90	2.77E-06	5.55E-07
1.7404	90	1.94E-06	3.92E-07
1.7484	90	1.42E-06	2.87E-07
1.7743	90	8.48E-07	1.72E-07
1.8002	90	4.73E-07	9.47E-08
1.8495	90	2.64E-07	5.26E-08
1.8991	90	1.88E-07	3.73E-08
1.9502	90	1.73E-07	3.44E-08
1.9983	90	1.33E-07	2.68E-08
2.048	90	1.17E-07	2.30E-08
2.0979	90	1.44E-07	2.87E-08
2.1961	90	1.44E-07	2.87E-08
2.2956	90	1.47E-07	2.97E-08
2.3951	90	1.44E-07	2.87E-08
2.4934	90	1.72E-07	3.44E-08
0.1481	0	2.35E-10	1.44E-10
0.1975	0	2.55E-09	5.07E-10
0.2168	0	3.90E-09	7.85E-10
0.2471	0	9.86E-09	2.01E-09
0.2581	0	1.30E-08	2.58E-09
0.2787	0	2.71E-08	5.45E-09
0.298	0	4.08E-08	8.13E-09
0.3077	0	5.07E-08	1.05E-08
0.3159	0	6.85E-08	1.34E-08
0.3284	0	8.40E-08	1.72E-08
0.338	0	1.14E-07	2.30E-08
0.3463	0	1.30E-07	2.58E-08
0.3573	0	1.86E-07	3.73E-08
0.3683	0	2.60E-07	5.17E-08
0.3779	0	3.71E-07	7.46E-08
0.3876	0	5.16E-07	1.05E-07
0.3958	0	6.96E-07	1.44E-07
0.4082	0	9.95E-07	2.01E-07
0.4178	0	1.40E-06	2.77E-07
0.4288	0	2.61E-06	5.26E-07
0.4383	0	4.82E-06	9.57E-07
0.4465	0	7.57E-06	1.53E-06
0.4562	0	9.42E-06	1.91E-06
0.4687	0	7.37E-06	1.44E-06
0.4716	0	5.61E-06	1.15E-06
0.4799	0	4.51E-06	8.99E-07
0.4884	0	2.57E-06	5.17E-07
0.4982	0	1.66E-06	3.35E-07
0.5234	0	7.34E-07	1.44E-07
0.5485	0	4.14E-07	8.32E-08
0.5721	0	3.15E-07	6.32E-08
0.5985	0	2.31E-07	4.59E-08
0.6235	0	1.88E-07	3.73E-08
0.6485	0	1.48E-07	2.97E-08
0.6736	0	8.28E-08	3.35E-08
0.6999	0	1.13E-07	2.30E-08
0.7235	0	8.98E-08	1.82E-08
0.7499	0	7.83E-08	1.53E-08
0.7735	0	8.15E-08	1.63E-08
0.7972	0	5.20E-08	1.05E-08
0.8498	0	5.20E-08	1.05E-08
0.8971	0	3.95E-08	7.94E-09
0.9485	0	2.35E-08	1.15E-08
0.9983	0	4.11E-08	8.23E-09
1.0483	0	2.81E-08	5.65E-09
1.0982	0	2.77E-08	5.55E-09
1.1481	0	2.55E-08	5.07E-09
1.198	0	3.13E-08	6.22E-09
1.2506	0	3.84E-08	7.65E-09
1.3491	0	3.94E-08	7.85E-09
1.3989	0	5.78E-08	1.15E-08
1.4473	0	8.35E-08	1.63E-08
1.4986	0	1.16E-07	2.30E-08
1.5235	0	1.39E-07	2.77E-08
1.5484	0	1.59E-07	3.16E-08
1.572	0	1.82E-07	3.64E-08
1.5996	0	2.74E-07	5.45E-08
1.6231	0	3.79E-07	7.56E-08
1.6466	0	5.71E-07	1.15E-07
1.6603	0	8.25E-07	1.63E-07
1.6728	0	8.03E-07	1.63E-07
1.6783	0	1.11E-06	2.20E-07
1.6865	0	1.48E-06	2.97E-07
1.6962	0	1.95E-06	3.92E-07
1.7087	0	1.61E-06	3.25E-07
1.724	0	1.10E-06	2.20E-07
1.7283	0	8.25E-07	1.63E-07
1.7381	0	5.41E-07	1.05E-07
1.7479	0	3.59E-07	7.18E-08
1.7717	0	1.23E-07	2.49E-08
1.7955	0	4.45E-08	8.90E-09
1.8485	0	1.45E-08	8.71E-09
1.8969	0	2.37E-08	1.15E-08
1.9469	0	1.71E-08	8.52E-09
1.9968	0	1.86E-08	9.28E-09
2.0481	0	1.90E-08	9.57E-09
2.095	0	4.89E-08	9.57E-09
2.1961	0	7.77E-08	1.53E-08
2.2946	0	6.41E-08	1.24E-08
2.3931	0	5.99E-08	1.24E-08
2.4942	0	9.14E-08	1.82E-08

